      875	2026-02-05 14:03:17	2	0	1	0
      875	2026-02-05 14:28:45	2	0	1	0
      161	2026-02-06 10:17:17	2	0	1	0
     5999	2026-02-06 10:21:39	2	0	1	0
      557	2026-02-27 11:04:32	2	0	1	0
      567	2026-02-27 11:06:17	2	0	1	0
      636	2026-02-27 11:08:26	2	0	1	0
      574	2026-02-27 11:12:08	2	0	1	0
       67	2026-02-27 11:14:05	2	0	1	0
      311	2026-02-27 11:17:46	2	0	1	0
      311	2026-02-27 11:17:56	2	0	1	0
      538	2026-02-27 11:28:07	2	0	1	0
      612	2026-02-27 11:30:07	2	0	1	0
       43	2026-02-27 11:31:45	2	0	1	0
       35	2026-02-27 11:35:33	2	0	1	0
      543	2026-02-27 11:38:34	2	0	1	0
      330	2026-02-27 11:42:01	2	0	1	0
      331	2026-02-27 11:44:12	2	0	1	0
      877	2026-02-27 11:49:15	2	0	1	0
      567	2026-02-27 11:55:49	2	0	1	0
      567	2026-02-27 12:07:45	2	0	1	0
       19	2026-02-27 12:33:27	2	0	1	0
      574	2026-02-27 14:00:29	2	0	1	0
       67	2026-02-27 14:01:03	2	0	1	0
      649	2026-02-27 14:13:01	2	0	1	0
      598	2026-02-27 14:15:47	2	0	1	0
      311	2026-02-27 15:04:11	2	0	1	0
      567	2026-02-27 15:05:51	2	0	1	0
      557	2026-02-27 15:06:05	2	0	1	0
       19	2026-02-27 15:12:12	2	0	1	0
       43	2026-02-27 16:00:03	2	0	1	0
       43	2026-02-27 16:00:06	2	0	1	0
      543	2026-02-27 16:13:20	2	0	1	0
      543	2026-02-27 16:13:23	2	0	1	0
       35	2026-02-27 16:13:28	2	0	1	0
       35	2026-02-27 16:13:31	2	0	1	0
      636	2026-02-27 17:00:39	2	0	1	0
      636	2026-02-27 17:00:48	2	0	1	0
      538	2026-02-27 17:04:13	2	0	1	0
      612	2026-02-27 17:04:43	2	0	1	0
      649	2026-02-27 17:06:42	2	0	1	0
      330	2026-02-27 17:07:15	2	0	1	0
      331	2026-02-27 17:09:05	2	0	1	0
      598	2026-02-27 18:16:58	2	0	1	0
      574	2026-03-02 06:44:09	2	0	1	0
       67	2026-03-02 07:01:16	2	0	1	0
       19	2026-03-02 07:15:42	2	0	1	0
      557	2026-03-02 07:36:55	2	0	1	0
      567	2026-03-02 07:37:33	2	0	1	0
      567	2026-03-02 07:44:41	2	0	1	0
      311	2026-03-02 07:51:36	2	0	1	0
      330	2026-03-02 08:25:33	2	0	1	0
      331	2026-03-02 08:48:39	2	0	1	0
       43	2026-03-02 08:51:15	2	0	1	0
       43	2026-03-02 08:51:19	2	0	1	0
       35	2026-03-02 08:51:56	2	0	1	0
      543	2026-03-02 08:52:05	2	0	1	0
      543	2026-03-02 08:52:09	2	0	1	0
      612	2026-03-02 08:54:30	2	0	1	0
      538	2026-03-02 09:05:44	2	0	1	0
      636	2026-03-02 09:52:55	2	0	1	0
      598	2026-03-02 14:00:45	2	0	1	0
      574	2026-03-02 14:01:16	2	0	1	0
       67	2026-03-02 14:01:32	2	0	1	0
      649	2026-03-02 14:02:48	2	0	1	0
      599	2026-03-02 14:16:19	2	0	1	0
      557	2026-03-02 15:00:29	2	0	1	0
      311	2026-03-02 15:01:53	2	0	1	0
       19	2026-03-02 15:02:34	2	0	1	0
       43	2026-03-02 16:00:07	2	0	1	0
       43	2026-03-02 16:00:10	2	0	1	0
      543	2026-03-02 16:13:02	2	0	1	0
      543	2026-03-02 16:13:06	2	0	1	0
       35	2026-03-02 16:13:11	2	0	1	0
      636	2026-03-02 17:00:20	2	0	1	0
      612	2026-03-02 17:00:43	2	0	1	0
      538	2026-03-02 17:01:23	2	0	1	0
      331	2026-03-02 17:01:44	2	0	1	0
      567	2026-03-02 17:47:53	2	0	1	0
      599	2026-03-02 18:01:59	2	0	1	0
      649	2026-03-02 18:03:54	2	0	1	0
      330	2026-03-02 18:04:55	2	0	1	0
      598	2026-03-02 18:05:47	2	0	1	0
       67	2026-03-03 06:58:31	2	0	1	0
      574	2026-03-03 07:09:09	2	0	1	0
       19	2026-03-03 07:22:58	2	0	1	0
      557	2026-03-03 07:49:28	2	0	1	0
      567	2026-03-03 07:50:06	2	0	1	0
      311	2026-03-03 08:07:22	2	0	1	0
      330	2026-03-03 08:35:14	2	0	1	0
      331	2026-03-03 08:42:51	2	0	1	0
       43	2026-03-03 08:51:20	2	0	1	0
       43	2026-03-03 08:51:24	2	0	1	0
      612	2026-03-03 08:53:34	2	0	1	0
       35	2026-03-03 08:58:09	2	0	1	0
      543	2026-03-03 08:58:14	2	0	1	0
      543	2026-03-03 08:58:21	2	0	1	0
      636	2026-03-03 09:58:04	2	0	1	0
      538	2026-03-03 10:56:55	2	0	1	0
      574	2026-03-03 11:36:29	2	0	1	0
      598	2026-03-03 13:57:50	2	0	1	0
      649	2026-03-03 14:03:12	2	0	1	0
       67	2026-03-03 14:03:24	2	0	1	0
      599	2026-03-03 14:20:38	2	0	1	0
      557	2026-03-03 15:00:15	2	0	1	0
      567	2026-03-03 15:00:21	2	0	1	0
       19	2026-03-03 15:01:06	2	0	1	0
      311	2026-03-03 15:01:16	2	0	1	0
       43	2026-03-03 16:00:02	2	0	1	0
       43	2026-03-03 16:00:06	2	0	1	0
      538	2026-03-03 16:02:11	2	0	1	0
      538	2026-03-03 16:03:28	2	0	1	0
       35	2026-03-03 16:20:31	2	0	1	0
      543	2026-03-03 16:20:41	2	0	1	0
      543	2026-03-03 16:20:45	2	0	1	0
      636	2026-03-03 17:00:14	2	0	1	0
      331	2026-03-03 17:04:05	2	0	1	0
      330	2026-03-03 17:04:58	2	0	1	0
      612	2026-03-03 17:06:02	2	0	1	0
      599	2026-03-03 18:01:29	2	0	1	0
      649	2026-03-03 18:02:15	2	0	1	0
      598	2026-03-03 18:11:01	2	0	1	0
       67	2026-03-04 07:02:22	2	0	1	0
       67	2026-03-04 07:02:32	2	0	1	0
      574	2026-03-04 07:15:39	2	0	1	0
      557	2026-03-04 07:43:49	2	0	1	0
      567	2026-03-04 07:44:51	2	0	1	0
       19	2026-03-04 07:49:02	2	0	1	0
      311	2026-03-04 08:06:51	2	0	1	0
       43	2026-03-04 08:35:34	2	0	1	0
       43	2026-03-04 08:35:37	2	0	1	0
      331	2026-03-04 08:50:37	2	0	1	0
      330	2026-03-04 08:54:39	2	0	1	0
       35	2026-03-04 09:04:12	2	0	1	0
      543	2026-03-04 09:04:17	2	0	1	0
      543	2026-03-04 09:04:21	2	0	1	0
      612	2026-03-04 09:05:09	2	0	1	0
      636	2026-03-04 09:55:38	2	0	1	0
       67	2026-03-04 14:01:47	2	0	1	0
      574	2026-03-04 14:01:52	2	0	1	0
      599	2026-03-04 14:07:21	2	0	1	0
      649	2026-03-04 14:12:14	2	0	1	0
      598	2026-03-04 14:20:08	2	0	1	0
      567	2026-03-04 15:00:03	2	0	1	0
      557	2026-03-04 15:00:09	2	0	1	0
      311	2026-03-04 15:00:26	2	0	1	0
       19	2026-03-04 15:01:29	2	0	1	0
       35	2026-03-04 16:04:44	2	0	1	0
      543	2026-03-04 16:06:03	2	0	1	0
      543	2026-03-04 16:06:10	2	0	1	0
      636	2026-03-04 17:00:28	2	0	1	0
      612	2026-03-04 17:02:15	2	0	1	0
      331	2026-03-04 17:07:37	2	0	1	0
      330	2026-03-04 17:08:30	2	0	1	0
      599	2026-03-04 18:01:14	2	0	1	0
      649	2026-03-04 18:04:41	2	0	1	0
      649	2026-03-04 18:04:58	2	0	1	0
      598	2026-03-04 18:13:10	2	0	1	0
      574	2026-03-05 07:05:28	2	0	1	0
       67	2026-03-05 07:05:38	2	0	1	0
      557	2026-03-05 07:43:58	2	0	1	0
      567	2026-03-05 07:45:06	2	0	1	0
       19	2026-03-05 07:48:22	2	0	1	0
      311	2026-03-05 08:07:15	2	0	1	0
      331	2026-03-05 08:38:54	2	0	1	0
      330	2026-03-05 08:41:40	2	0	1	0
       43	2026-03-05 08:53:47	2	0	1	0
       43	2026-03-05 08:53:50	2	0	1	0
       35	2026-03-05 08:59:00	2	0	1	0
      543	2026-03-05 08:59:11	2	0	1	0
      543	2026-03-05 08:59:16	2	0	1	0
      612	2026-03-05 09:04:40	2	0	1	0
      636	2026-03-05 09:55:33	2	0	1	0
      538	2026-03-05 10:54:14	2	0	1	0
      649	2026-03-05 13:43:23	2	0	1	0
      598	2026-03-05 13:55:38	2	0	1	0
       67	2026-03-05 14:02:08	2	0	1	0
      574	2026-03-05 14:02:15	2	0	1	0
      599	2026-03-05 14:06:19	2	4	1	0
      311	2026-03-05 15:00:06	2	0	1	0
       19	2026-03-05 15:01:44	2	0	1	0
      557	2026-03-05 15:02:06	2	0	1	0
      567	2026-03-05 15:03:13	2	0	1	0
       43	2026-03-05 16:00:10	2	0	1	0
       43	2026-03-05 16:00:13	2	0	1	0
      538	2026-03-05 16:02:10	2	0	1	0
       35	2026-03-05 16:09:47	2	0	1	0
      543	2026-03-05 16:09:53	2	0	1	0
      543	2026-03-05 16:09:57	2	0	1	0
      636	2026-03-05 17:00:13	2	0	1	0
      330	2026-03-05 17:02:55	2	0	1	0
      331	2026-03-05 17:05:29	2	0	1	0
      612	2026-03-05 17:39:52	2	0	1	0
      599	2026-03-05 18:00:29	2	0	1	0
      649	2026-03-05 18:01:28	2	0	1	0
      598	2026-03-05 18:03:23	2	0	1	0
      574	2026-03-06 06:54:31	2	0	1	0
       67	2026-03-06 06:57:43	2	0	1	0
       19	2026-03-06 07:34:43	2	0	1	0
      557	2026-03-06 07:47:21	2	0	1	0
      567	2026-03-06 07:49:29	2	0	1	0
      311	2026-03-06 08:08:23	2	0	1	0
      612	2026-03-06 08:08:56	2	0	1	0
      330	2026-03-06 08:46:35	2	0	1	0
       43	2026-03-06 08:53:20	2	0	1	0
       43	2026-03-06 08:53:24	2	0	1	0
       35	2026-03-06 08:56:28	2	0	1	0
      543	2026-03-06 08:56:32	2	0	1	0
      543	2026-03-06 08:56:37	2	0	1	0
      331	2026-03-06 08:58:04	2	0	1	0
      636	2026-03-06 09:49:37	2	0	1	0
      599	2026-03-06 13:54:49	2	4	1	0
      649	2026-03-06 13:56:43	2	0	1	0
      574	2026-03-06 14:01:01	2	0	1	0
      598	2026-03-06 14:13:19	2	0	1	0
       19	2026-03-06 15:00:40	2	0	1	0
      557	2026-03-06 15:03:10	2	0	1	0
      311	2026-03-06 15:07:16	2	0	1	0
       43	2026-03-06 16:00:02	2	0	1	0
       43	2026-03-06 16:00:05	2	0	1	0
       35	2026-03-06 16:05:43	2	0	1	0
       35	2026-03-06 16:05:49	2	0	1	0
      543	2026-03-06 16:06:15	2	0	1	0
      543	2026-03-06 16:06:19	2	0	1	0
      636	2026-03-06 17:00:12	2	0	1	0
      538	2026-03-06 17:01:49	2	0	1	0
      612	2026-03-06 17:01:55	2	0	1	0
      649	2026-03-06 17:02:40	2	0	1	0
      331	2026-03-06 17:03:03	2	0	1	0
      330	2026-03-06 17:05:02	2	0	1	0
      557	2026-03-06 17:19:16	2	0	1	0
      599	2026-03-06 18:00:31	2	0	1	0
      598	2026-03-06 18:02:55	2	0	1	0
      557	2026-03-09 07:40:11	2	0	1	0
      567	2026-03-09 07:40:28	2	0	1	0
       67	2026-03-09 07:41:20	2	0	1	0
      567	2026-03-09 07:47:32	2	0	1	0
       19	2026-03-09 07:47:40	2	0	1	0
       43	2026-03-09 08:40:06	2	0	1	0
       43	2026-03-09 08:40:09	2	0	1	0
       43	2026-03-09 08:40:16	2	0	1	0
      330	2026-03-09 08:52:35	2	0	1	0
      612	2026-03-09 08:54:39	2	0	1	0
      538	2026-03-09 08:56:09	2	0	1	0
      331	2026-03-09 08:56:35	2	0	1	0
       35	2026-03-09 09:02:42	2	0	1	0
      543	2026-03-09 09:02:47	2	0	1	0
      543	2026-03-09 09:02:51	2	0	1	0
      636	2026-03-09 09:43:49	2	0	1	0
      649	2026-03-09 14:07:27	2	0	1	0
      599	2026-03-09 14:07:42	2	0	1	0
      598	2026-03-09 14:13:32	2	0	1	0
       67	2026-03-09 14:17:05	2	0	1	0
       67	2026-03-09 14:17:55	2	0	1	0
      567	2026-03-09 15:01:06	2	0	1	0
       19	2026-03-09 15:01:25	2	0	1	0
      557	2026-03-09 15:02:05	2	0	1	0
       43	2026-03-09 16:00:02	2	0	1	0
       43	2026-03-09 16:00:06	2	0	1	0
       35	2026-03-09 16:07:20	2	0	1	0
      543	2026-03-09 16:07:33	2	0	1	0
      543	2026-03-09 16:07:38	2	0	1	0
      636	2026-03-09 17:01:03	2	0	1	0
      612	2026-03-09 17:03:06	2	0	1	0
      538	2026-03-09 17:03:52	2	0	1	0
      331	2026-03-09 17:05:14	2	0	1	0
      599	2026-03-09 18:03:01	2	0	1	0
      330	2026-03-09 18:04:49	2	0	1	0
      598	2026-03-09 18:05:20	2	0	1	0
      649	2026-03-09 18:06:24	2	0	1	0
       67	2026-03-10 06:51:28	2	0	1	0
      574	2026-03-10 07:08:39	2	0	1	0
       19	2026-03-10 07:54:33	2	0	1	0
      311	2026-03-10 08:03:28	2	0	1	0
      557	2026-03-10 08:03:49	2	0	1	0
      330	2026-03-10 08:44:55	2	0	1	0
       35	2026-03-10 08:52:53	2	0	1	0
      543	2026-03-10 08:52:59	2	0	1	0
      543	2026-03-10 08:53:03	2	0	1	0
       43	2026-03-10 08:53:26	2	0	1	0
       43	2026-03-10 08:53:29	2	0	1	0
      612	2026-03-10 09:03:51	2	0	1	0
      567	2026-03-10 09:13:07	2	0	1	0
      331	2026-03-10 09:28:55	2	0	1	0
      636	2026-03-10 09:55:14	2	0	1	0
      574	2026-03-10 14:01:28	2	0	1	0
       67	2026-03-10 14:01:47	2	0	1	0
      649	2026-03-10 14:06:59	2	0	1	0
      598	2026-03-10 14:08:27	2	0	1	0
      599	2026-03-10 14:09:59	2	0	1	0
      567	2026-03-10 15:00:52	2	0	1	0
       19	2026-03-10 15:03:34	2	0	1	0
      311	2026-03-10 15:03:42	2	0	1	0
      557	2026-03-10 15:14:41	2	0	1	0
       43	2026-03-10 16:00:09	2	0	1	0
       43	2026-03-10 16:00:13	2	0	1	0
       35	2026-03-10 16:10:43	2	0	1	0
      543	2026-03-10 16:11:02	2	0	1	0
      543	2026-03-10 16:11:08	2	0	1	0
      636	2026-03-10 17:00:12	2	0	1	0
      330	2026-03-10 17:06:15	2	0	1	0
      331	2026-03-10 17:06:21	2	0	1	0
      612	2026-03-10 17:07:47	2	0	1	0
      599	2026-03-10 18:02:26	2	0	1	0
      649	2026-03-10 18:03:23	2	0	1	0
      598	2026-03-10 18:05:27	2	0	1	0
       67	2026-03-11 06:50:51	2	0	1	0
      574	2026-03-11 06:59:11	2	0	1	0
      557	2026-03-11 07:36:26	2	0	1	0
      567	2026-03-11 07:37:52	2	0	1	0
      311	2026-03-11 07:57:57	2	0	1	0
       19	2026-03-11 08:01:28	2	0	1	0
      330	2026-03-11 08:49:51	2	0	1	0
       35	2026-03-11 08:50:00	2	0	1	0
      543	2026-03-11 08:50:07	2	0	1	0
      543	2026-03-11 08:50:13	2	0	1	0
       43	2026-03-11 08:50:59	2	0	1	0
       43	2026-03-11 08:51:03	2	0	1	0
      612	2026-03-11 08:56:04	2	0	1	0
      331	2026-03-11 09:05:49	2	0	1	0
      636	2026-03-11 09:52:26	2	0	1	0
      538	2026-03-11 10:58:33	2	0	1	0
      598	2026-03-11 13:53:23	2	0	1	0
      574	2026-03-11 14:01:04	2	0	1	0
       67	2026-03-11 14:01:11	2	0	1	0
      649	2026-03-11 14:10:34	2	0	1	0
      557	2026-03-11 15:00:11	2	0	1	0
      311	2026-03-11 15:00:40	2	0	1	0
       43	2026-03-11 16:00:04	2	0	1	0
       43	2026-03-11 16:00:07	2	0	1	0
       35	2026-03-11 16:04:29	2	0	1	0
      543	2026-03-11 16:05:12	2	0	1	0
      543	2026-03-11 16:05:18	2	0	1	0
      636	2026-03-11 17:00:14	2	0	1	0
      612	2026-03-11 17:05:18	2	0	1	0
      331	2026-03-11 17:06:51	2	0	1	0
      330	2026-03-11 17:08:28	2	0	1	0
      598	2026-03-11 18:10:57	2	0	1	0
      649	2026-03-11 18:12:10	2	0	1	0
       67	2026-03-12 06:48:57	2	0	1	0
      574	2026-03-12 07:06:29	2	0	1	0
       19	2026-03-12 07:49:34	2	0	1	0
      557	2026-03-12 07:52:32	2	0	1	0
      567	2026-03-12 07:53:18	2	0	1	0
      311	2026-03-12 08:07:42	2	0	1	0
      331	2026-03-12 08:45:37	2	0	1	0
      330	2026-03-12 08:45:51	2	0	1	0
       43	2026-03-12 08:52:25	2	0	1	0
       43	2026-03-12 08:52:29	2	0	1	0
      543	2026-03-12 08:54:07	2	0	1	0
       35	2026-03-12 08:54:11	2	0	1	0
       35	2026-03-12 08:54:15	2	0	1	0
      612	2026-03-12 09:02:36	2	0	1	0
      636	2026-03-12 09:57:01	2	0	1	0
      649	2026-03-12 13:55:11	2	0	1	0
      599	2026-03-12 14:09:42	2	0	1	0
      599	2026-03-12 14:09:47	2	0	1	0
      598	2026-03-12 14:13:34	2	0	1	0
       67	2026-03-12 14:21:20	2	0	1	0
      574	2026-03-12 14:22:03	2	0	1	0
       19	2026-03-12 15:00:33	2	0	1	0
      567	2026-03-12 15:00:59	2	0	1	0
      557	2026-03-12 15:03:45	2	0	1	0
      311	2026-03-12 15:04:37	2	0	1	0
       43	2026-03-12 16:00:07	2	0	1	0
       43	2026-03-12 16:00:10	2	0	1	0
      543	2026-03-12 16:22:07	2	0	1	0
      543	2026-03-12 16:22:13	2	0	1	0
       35	2026-03-12 16:22:17	2	0	1	0
       35	2026-03-12 16:22:21	2	0	1	0
      636	2026-03-12 17:00:11	2	0	1	0
      612	2026-03-12 17:02:44	2	0	1	0
      330	2026-03-12 17:04:35	2	0	1	0
      331	2026-03-12 17:05:26	2	0	1	0
      599	2026-03-12 18:01:06	2	0	1	0
      599	2026-03-12 18:01:10	2	0	1	0
      649	2026-03-12 18:04:25	2	0	1	0
      598	2026-03-12 18:07:40	2	0	1	0
       67	2026-03-13 06:55:33	2	0	1	0
      567	2026-03-13 07:00:03	2	0	1	0
      574	2026-03-13 07:05:00	2	0	1	0
       19	2026-03-13 07:23:18	2	0	1	0
      557	2026-03-13 07:55:26	2	0	1	0
      311	2026-03-13 07:58:20	2	0	1	0
      331	2026-03-13 08:47:40	2	0	1	0
       43	2026-03-13 08:48:46	2	0	1	0
       43	2026-03-13 08:48:49	2	0	1	0
       35	2026-03-13 08:58:23	2	0	1	0
       35	2026-03-13 08:58:26	2	0	1	0
      543	2026-03-13 08:58:32	2	0	1	0
      330	2026-03-13 08:58:46	2	0	1	0
      612	2026-03-13 09:10:28	2	0	1	0
      636	2026-03-13 09:57:47	2	0	1	0
      598	2026-03-13 13:59:49	2	0	1	0
      574	2026-03-13 14:00:17	2	0	1	0
       67	2026-03-13 14:01:31	2	0	1	0
      649	2026-03-13 14:03:06	2	0	1	0
      599	2026-03-13 14:03:26	2	0	1	0
      599	2026-03-13 14:03:30	2	0	1	0
      311	2026-03-13 15:01:00	2	0	1	0
      557	2026-03-13 15:02:24	2	0	1	0
       19	2026-03-13 15:11:47	2	0	1	0
       19	2026-03-13 15:11:51	2	0	1	0
       43	2026-03-13 16:00:02	2	0	1	0
       43	2026-03-13 16:00:06	2	0	1	0
       35	2026-03-13 16:09:01	2	0	1	0
      543	2026-03-13 16:09:08	2	0	1	0
      543	2026-03-13 16:09:17	2	0	1	0
      636	2026-03-13 17:00:23	2	0	1	0
      331	2026-03-13 17:07:20	2	0	1	0
      330	2026-03-13 17:07:27	2	0	1	0
      649	2026-03-13 17:08:02	2	0	1	0
      612	2026-03-13 17:08:07	2	0	1	0
      599	2026-03-13 18:00:30	2	0	1	0
      599	2026-03-13 18:00:33	2	0	1	0
      598	2026-03-13 18:06:00	2	0	1	0
       67	2026-03-17 06:58:22	2	0	1	0
      574	2026-03-17 07:07:53	2	0	1	0
       19	2026-03-17 07:19:15	2	0	1	0
      557	2026-03-17 07:41:33	2	0	1	0
      567	2026-03-17 07:42:03	2	0	1	0
      311	2026-03-17 08:05:53	2	0	1	0
       43	2026-03-17 08:35:07	2	0	1	0
       43	2026-03-17 08:35:10	2	0	1	0
      330	2026-03-17 08:48:59	2	0	1	0
       35	2026-03-17 08:55:50	2	0	1	0
      543	2026-03-17 08:55:55	2	0	1	0
      543	2026-03-17 08:56:00	2	0	1	0
      331	2026-03-17 08:56:07	2	0	1	0
      612	2026-03-17 09:03:25	2	0	1	0
      636	2026-03-17 10:01:47	2	0	1	0
      598	2026-03-17 13:53:49	2	0	1	0
      649	2026-03-17 14:02:43	2	0	1	0
      599	2026-03-17 14:10:14	2	0	1	0
      599	2026-03-17 14:10:17	2	0	1	0
       67	2026-03-17 14:15:26	2	0	1	0
      574	2026-03-17 14:15:50	2	0	1	0
      567	2026-03-17 15:00:03	2	0	1	0
      557	2026-03-17 15:00:11	2	0	1	0
       19	2026-03-17 15:01:43	2	0	1	0
       43	2026-03-17 16:02:08	2	0	1	0
       43	2026-03-17 16:02:14	2	0	1	0
      543	2026-03-17 16:07:46	2	0	1	0
      543	2026-03-17 16:07:51	2	0	1	0
       35	2026-03-17 16:07:57	2	0	1	0
       35	2026-03-17 16:08:03	2	0	1	0
      636	2026-03-17 17:00:12	2	0	1	0
      612	2026-03-17 17:03:48	2	0	1	0
      331	2026-03-17 17:09:48	2	0	1	0
      330	2026-03-17 17:10:10	2	0	1	0
      599	2026-03-17 18:01:31	2	0	1	0
      649	2026-03-17 18:03:00	2	0	1	0
      598	2026-03-17 18:06:04	2	0	1	0
       67	2026-03-18 07:08:16	2	0	1	0
      574	2026-03-18 07:13:02	2	0	1	0
       19	2026-03-18 07:26:41	2	0	1	0
      557	2026-03-18 07:47:34	2	0	1	0
      567	2026-03-18 07:47:41	2	0	1	0
      311	2026-03-18 08:03:44	2	0	1	0
       43	2026-03-18 08:42:58	2	0	1	0
       43	2026-03-18 08:43:02	2	0	1	0
      330	2026-03-18 08:51:31	2	0	1	0
       35	2026-03-18 08:53:33	2	0	1	0
      543	2026-03-18 08:53:41	2	0	1	0
      543	2026-03-18 08:53:47	2	0	1	0
      331	2026-03-18 08:57:41	2	0	1	0
      612	2026-03-18 09:05:03	2	0	1	0
      636	2026-03-18 09:56:36	2	0	1	0
      649	2026-03-18 13:50:58	2	0	1	0
      598	2026-03-18 13:59:58	2	0	1	0
      574	2026-03-18 14:01:24	2	0	1	0
       67	2026-03-18 14:02:26	2	0	1	0
      599	2026-03-18 14:10:41	2	0	1	0
      599	2026-03-18 14:10:45	2	0	1	0
      557	2026-03-18 15:00:50	2	0	1	0
      567	2026-03-18 15:00:55	2	0	1	0
       19	2026-03-18 15:02:14	2	0	1	0
      311	2026-03-18 15:03:21	2	0	1	0
       35	2026-03-18 16:04:03	2	0	1	0
       35	2026-03-18 16:04:07	2	0	1	0
      543	2026-03-18 16:04:54	2	0	1	0
      543	2026-03-18 16:05:03	2	0	1	0
      636	2026-03-18 17:00:12	2	0	1	0
      612	2026-03-18 17:21:12	2	0	1	0
      331	2026-03-18 17:22:37	2	0	1	0
      330	2026-03-18 17:23:11	2	0	1	0
      599	2026-03-18 18:00:25	2	4	1	0
      649	2026-03-18 18:06:01	2	0	1	0
      598	2026-03-18 18:09:45	2	0	1	0
       67	2026-03-19 07:05:41	2	0	1	0
       19	2026-03-19 07:33:22	2	0	1	0
      567	2026-03-19 07:35:29	2	0	1	0
      557	2026-03-19 07:35:34	2	0	1	0
      311	2026-03-19 08:08:54	2	0	1	0
      330	2026-03-19 08:29:28	2	0	1	0
       43	2026-03-19 08:54:30	2	0	1	0
       43	2026-03-19 08:54:35	2	0	1	0
      331	2026-03-19 08:57:46	2	0	1	0
       35	2026-03-19 08:59:56	2	0	1	0
       35	2026-03-19 09:00:00	2	0	1	0
      543	2026-03-19 09:00:06	2	0	1	0
      543	2026-03-19 09:00:12	2	0	1	0
      636	2026-03-19 09:57:00	2	0	1	0
